00000000000000000000000000000000000000000000000000000000000000000000000000000000
00000000000000000000000000000000000000000000000000000000000000000000000000000000
00111111111111111111111111111111111111111111111111111111111111111111111111111100
00111111111111111111111111111111111111111111111111111111111111111111111111111100
00111111111111111111111111111111111111111111111111111111111111111111111111111100
00111111111111111111111111111111111111111111111111111111111111111111111111111100
00111111111111111111111111111111111111111111111111111111111111111111111111111100
00111111111111111111111111111111111111111111111111111111111111111111111111111100
00111111111111111111000000111111111111111111111111111111111111111111111111111100
00111111111111111111000000111111111111111111111111111111111111111111111111111100
00111111111111111111111100111111111111111111111111111111111111111111111111111100
00111111111111111111111100111111111111111111111111111111111111111111111111111100
00111111111111111111111100000000000000000000000000000000000000000000000000000000
00111111111111111111111100000000000000000000000000000000000000000000000000000000
00000000000111111111111100000000000000000000000000000000000000000000000000000000
00000000000111111111111100000000001111111111111111111111111111111111111111111100
00000000000111111111111100000000001111111111111111111111111111111111111111111100
00000000000111111111111100000000001111111111111111111111111111111111111111111100
00000000000111111111111100000000001111111000000000000011111111111111111111111100
00000000000111111111111111111111111111111000000000000011111111111111111111111100
00000000000111111111111111111111111111111000000000000011111111111111111111111100
00000000000111111111111111111111111111111000000000000011111111111111111111111100
00000000000111111111111111111111111111111000000000000011111111111111111111111100
00000000000000000000000000000000000000000000000000000000000000000000000111111100
00000000000000000000000000000000000000000000000000000000000000000000000111111100
00111111111111111111111111111111111111111111111111111111110000000000000111111100
00111111111111111111111111111111111111111111111111111111111111111111111111111100
00111111111111111111111111111111111111111111111111111111111111111111111111111100
00111111111111111111111111111111111111111111111111111111111111111111111111111100
00111111111111111111111111111111111111111111111111111111111111111111111111111100
00111111111111111111111111111111111111111111111111111111111111111111111111111100
00111111100000000000000000000000000000000011111111111111111111111111111111111100
00111111100000000000000000000000000000000011111111111111111111111111111111111100
00111111100000000000000000000000000000000000000000000000000000000000000000000000
00111111111111111111111111111111111111100000000000000000000000000000000000000000
00111111111111111111111111111111111111100000000000000000000000000000000000000000
00111111111111111111111111111111111111111111111111111111111111111111111111111100
00000000011111111111111111111111111111111111111111111111111111111111111111111100
00111111111111111111111111111111111111111111111111111111111111111111111111111100
00111111111111111111111111111111111111111111111111111111111111111111111111111100
00111111111111111111111111111111111111111111111111111111111111111111111111111100
00000000000000000000000000000000000000111111111111111111111111111111111111111100
00000000000000000000000000000000000000111111111111111111111111111111111111111100
00000000000000000000000000000000000000111111111111111111111111111111111111111100
00111111111111111111111111111111111000111111111111111111111111111111111111111100
00111111111111111111111111111111111000111111111111111111111111111111111111111100
00111111111111111111111111111111111000000000000000000000000000000011111111111100
00111111111111111111111111111111111000000000000000000000000000000011111111111100
00111111111111111111111111111111111000000000000000000000000000000011111111111100
00111111111111111111111111111111111111111111111111111111111111111111111111111100
00000000000000000000000000111111111111111111111111111111111111111111111111111100
00000000000000000000000000111111111111111111111111111111111111111111111111111100
00000000000000000000000000111111111111111111111111111111111111111111111000000000
00111111111111111111111111111111111111111111111111111111111111111111111000000000
00111111111111111111111111111111111111111111111111111111111111111111111000000000
00111111111111111111111111111111111111111111111111111111111111111111111000000000
00111111111111111111111111111111111111111111111111111111111111111111111000000000
00111111111111111111111111111111111111111111111111111111111111111111111000000000
00000000000000000000000000000000000000000000000000000000000000000000000000000000
00000000000000000000000000000000000000000000000000000000000000000000000000000000